77777777777777777777777

7777777777777777777

77777777777777
777777777777777777777777
77777777777777777
7777777777777777

777777777777777777777777777

7777777777777777777

7777777777
77777
7777777777777777777

77777777777777777777777777777777777777

7777777777777777777777777777777777777777777777777
7777777777777777777777777777777777
77777777777777
7777777777777777777
777777777777777777777777777

777777777777777777777777777777777777777777777777777777777777
77777777777777
7777777777777777777

777777777777777777777777777777777777777777777777777777777777
77777777777777
7777777777777777777

77777777777777777777777777777777777777777777777
7777777777777777777777777777777777777777777
777777777777777777777777777777777777777
777777777777777777777777777777777777777777777
7777777777777777777777777777777777777777777777777777777
77777777777777
7777777777777777777

7777777777777777777777777777777777777777777777777
77777777777777777777777777777
77777777777777
7777777777777777777

77777777777777
7777777777777777777777777777777777777777777777777
7777777777777777777777777777777777777777777777777777
77777777777777
7777777777777777777

777777777777777777777777777

777777777777777777777777777777777777777
77777777777777
7777777777777777777
77777777777777777777777777

777777777777777777777777777777

7777777777777777777777777777777777777777777777

77777777777777777777777777777777777777777777777777777777777777777777
77777777777777
7777777777777777777777777

7777777777777777777777777777777777777777777777777777777777777777777777
77777777777777
77777777777777777777777777

777777777777777777777777

7777777777777777777
777777777777777777777777777777
777777777777777777777777777777

777777777777777777777777777777777777777777777777777777777777777777777777777777777777
77777777777777777777
77777777777777
777777777777777777777777

777777777777777777777777

77777777777777777777
7777777777777777777777777777777
7777777777777777777777777777777

777777777777777777777777777777777777777777777777777777777777777777777777777777777777
77777777777777
777777777777777777777777777777777777777

777777777777777777777777777777777777777777777777777777777777777777777777777777777777777777
77777777777777
777777777777777777777777

777777777777777777777777

777777777777777777
7777777777777777777777777777777777777777777777777777
77777777777777777

777777777777777777777777777777777
7777777777777777777777777
77777777777777
77777777777777777777777

77777777777777777777777777777777777777777777777777777777777777777777777777777777777777777777777777777777
77777777777777
77777777777777777777777777777777777777777

777777777777777777777777777777777777777777777777777777777777777777777777777777777777777777777777777777777777
77777777777777
7777777777777777777777777777777777777777

777777777777777777777777

777777777777777777
777777777777777777777777777777777777777777777777777777
7777777777777777777777777777777777777777777777777777
77777777777777777777777777777
7777777777777777777777777777777777777777777777777777
777777777777777777
777777777777777777777

77777777777777777
77777777777777777777777777777777777777777777
777777777777777777
777777777777777777777

77777777777777777
77777777777777777777777777777777777777777777
777777777777777777
777777777777777777777

77777777777777777
77777777777777777777777777777777777777777777
777777777777777777
777777777777777777777

77777777777777777777777777777777777
777777777777777777777777777777777777777777777777
777777777777777777777777777777777777777777777777

777777777777777777777777777777777777777777777777777
7777777777777777777
7777777777777777777777777

7777777777777777777777777777777777
77777777777777777777777777777777777777777777777777
77777777777777777777777777777777777777777777777777

77777777777777777777777777777777777777777777777777777
7777777777777777
77777777777777777777
7777777777777777777
7777777777777777777777777

7777777777
777777777777777777777777777777777777777
777777777777777777
777777777777777777
7777777777

7777777777777
777777777777777777777777777777777777777777
777777777777777777
777777777777777777
7777777777

77777777777777777
77777777777
777777777777777777777777777777777777777777777777777777777777777
77777777777777
7777777777777777777

77777777777777777777777777777777777777777777777777777777
77777777777777
7777777777777777777777

7777777777777777
77777777777777777777777777
77777777777
77777777777777777777777777
77777777777777777777777777

777777777777777777

7777777777777
777777777777777777777777
777777777777777777777777
77777777777777
7777777

7777777777777777
7777777777777777
7777777

777777777777777777777
777777777777
777777777777777777777
7777777777
77777777777777777777777777777
7777777777777777

77777777777777777777777777
7777777777777777777777777777
777777777777777777777777777777
77777
77777777777777777777777

7777777777777777777777
777777777777777
7777777777777777777777
777777777777777
777777777777777777777
7777777777777777777777
77777777777777777777777777777
777777777777777
77777777777777

77777777777777777777777777777777777
7777777777
777777

77777777777
777777777777777777
77777777777777777777777

77777777777777
777777777777777777777777
777777777777777777777

77777777777777777777777777777777777777
7777777777777
777777777777
7777777777777777777

777777777777777777777777777
7777777777777
777777777777

7777777777777777777
77777777777777777777777777
77777777777777777
77777777777777777

7777777777777777777777777777777777777777777777777777777
777777777777777777777
7777777777
7777777777777
7777777777777

777777777777777777777777777777777777777777777
777777777777777777777777777777
77777777777777777
777777777777777
77777777777777777
77777777777777777

77777777777777777777777777777777777777777
7777777777777777777777777777777777
77777777777777777
77777777777777777777777777777

7777777
7777777777777777
77777777777777
777777

77777777777
77777777777777777777777777777777777777777777777777777777777777
7777777777777
77777777777
77777777777
777777777777777777777777777777777777777777777777777
77777777777777777777
7777777777
777777
777777

777777777777777777777777777777777777777777
777777777777777777
777777777777777777777
777777777
77777777777777777777777777777777777777
77777777777777777777777777777777777777777777777777
7777777777777777777777777

77777777777777777777777777777777777777
7777777777777777
777777777777777
77777777777777777

77777777777777777777777777777777
777777777777777777777777777777777

77777777777777
77777777
7777777777
7777777777777777777777
77777777777777777777777777777
77777777777777777
777777777777777777777
7777777777
7777777777777777777
77777777777777

77777777777777777777777777777777777

7777777777
7777777777
7777777777777
777777
7777777777777777777
7777777777777
777777

777777777777777777777
7777777777
7777777777777777777
77777777777
777777777777777777
77777777777777777777777
777777777777777777777777777777
7777777777777777
7777777777777

7777777777777777777777777777777777777777777777
7777777777777777777777777777777777777777777777777777777
777777777777777777777777777777777777777777
7777777777777777777777777777777777777777777777777777777

7777777777777777777777
777777777777777777777
777777777777777777
7777777777777777
7777777777777777777777
77777777777
77777777777

7777777777777777777777777777777777777777777777
777777777777777777
7777777777777777777777
777777777777777777
777777777777777777777
777777777777777777
777777
77777777777
77777777777
7777777

77777777777777777777777777

77777777777
777777777777
777777777777
77777777777777777777
77777777777777777777777777777777777777777
7777777777777777777
777777777777777777777777777777

77777777777777

7777777777777777777777777777777777777777777777777777777777
777777777777777777777777777777777777777777777777777777777777777777777777
777777777777777777777777777777777777777777777777777
777777777777777777777777777777
77777777777777777777777777777777777777777777777777
7777777777777777777777777777777777777777777777777777777777
7777777777777777777777777
77777777777777777777777777777777777777777777777777777777
777777777777777777777777777777777777777777777777777777777777777777777777
777777777777777777777777777777777777777777777777777
777777777777777777777777777777
77777777777777777777777777777777777777777777777777777
7777777777777777777777777777777777777777777777777777777777
7777777777777777777777777
77777777777777777777777777777777777777777777777777777777777777777
777777777777777777777777777777777777777777777777777777777777777777777777
777777777777777777777777777777777777777777777777777
777777777777777777777777777777
777777777777777777777777777777777777777777777777777777777
7777777777777777777777777777777777777777777777777777777777
7777777777777777777777777
7777777777777777777777777777777777777777777777777
777777777777777777777777777777777777777777777777777777777777777777777777
777777777777777777777777777777777777777777777777777
777777777777777777777777777777
7777777777777777777777777
77777777777777777777777777777777777777777777
7777777777777777777777777777777777
7777777777777777777777777
777777777777777777777777777777777777
77777777777777777777777777777777777777777777777777777777777777777777777777777777777777777777777777777777777777
77777777777777777777777777777777777777777777777777777777777777777777777777777777777777777
7777777777777777777777777777777777777777777777777777777777777777777777777777777
77777777777777777777777777777777777777777
7777777777777777777777777777777777777
77777777777777777777777777777777777
777777777777777777777777777777777777777777777777777777777777777777777
777777777777777777777777777777777777777777777777777777777777777777777777
7777777777777777777777777777777777777
7777777777777777777777777
77777777777777777777777777777777
7777777777777777777777777
77777777777777777777777777777777777
7777777777777777777777777
777777777777777777777777777777777777777777777777777777777777777777777777777777777
77777777777777777777777777777777777777777777777777777777777777777777777777777777777777777
7777777777777777777777777
7777777777777777777777777777777777777777777777
7777777777777777777777777
7777777777777777777777777777777777777777777777777
777777777777777777777777777777777777777777777777777777777777777777777777
777777777777777777777777777777777777777777777777777
777777777777777777777777777777
777777777777777777777777777777777777777777777777777777777777777777
77777777777777777777777777777777777777777777777
7777777777777777777777777

77777777777777777777777777777777
77777777777777777777777777777777777777777777777777777
777777777777777777777777777777777777
777777777777777777777777777777777777777777777777777777777

7777777777777
77777777777777777
777777777777777
7777777777777777777

7777777777777777777
777777777777777777777777777777777

777777777777777777777777777777
777777777777777777777777777777777777777

7777777777777777777777777777777777777777777777777777777
77777777777777777777777777777777777777
7777777777777777777777777777777777777777777777777777777
77777777777777777777777777777777777777777777777777777777
7777777777777777777777777777777777777777777777777777777777777
77777777777777777777777777777777777777777777777777777777777777777777
77777777777777777777777777777777777777777

777777777777777777777777777777777

7777777777777777
7777777777777777
77777777777777777777777777

777777777777777777777777777777777777777777
7777777777777777
77777777777777777777777777777777
77777777777777777777

777777777777777777777777
